SYNTHETIC-0-01
1 89964U 26000A   26120.50000000  .00000000  00000-0  00000-0 0  9990
2 89964  53.0000 282.2252 0001000   0.0000  48.5965 15.10000000    04
SYNTHETIC-0-02
1 89965U 26000A   26120.50000000  .00000000  00000-0  00000-0 0  9991
2 89965  53.0000 282.2252 0001000   0.0000  38.5965 15.10000000    04
SYNTHETIC-0-03
1 89966U 26000A   26120.50000000  .00000000  00000-0  00000-0 0  9992
2 89966  53.0000 282.2252 0001000   0.0000  28.5965 15.10000000    04
SYNTHETIC-0-04
1 89967U 26000A   26120.50000000  .00000000  00000-0  00000-0 0  9993
2 89967  53.0000 282.2252 0001000   0.0000  18.5965 15.10000000    04
SYNTHETIC-0-05
1 89968U 26000A   26120.50000000  .00000000  00000-0  00000-0 0  9994
2 89968  53.0000 282.2252 0001000   0.0000   8.5965 15.10000000    04
SYNTHETIC-0-06
1 89969U 26000A   26120.50000000  .00000000  00000-0  00000-0 0  9995
2 89969  53.0000 282.2252 0001000   0.0000 358.5965 15.10000000    03
SYNTHETIC-0-07
1 89970U 26000A   26120.50000000  .00000000  00000-0  00000-0 0  9997
2 89970  53.0000 282.2252 0001000   0.0000 348.5965 15.10000000    04
SYNTHETIC-0-08
1 89971U 26000A   26120.50000000  .00000000  00000-0  00000-0 0  9998
2 89971  53.0000 282.2252 0001000   0.0000 338.5965 15.10000000    04
SYNTHETIC-0-09
1 89972U 26000A   26120.50000000  .00000000  00000-0  00000-0 0  9999
2 89972  53.0000 282.2252 0001000   0.0000 328.5965 15.10000000    04
SYNTHETIC-0-10
1 89973U 26000A   26120.50000000  .00000000  00000-0  00000-0 0  9990
2 89973  53.0000 282.2252 0001000   0.0000 318.5965 15.10000000    04
SYNTHETIC-0-11
1 89974U 26000A   26120.50000000  .00000000  00000-0  00000-0 0  9991
2 89974  53.0000 282.2252 0001000   0.0000 308.5965 15.10000000    04
SYNTHETIC-0-12
1 89975U 26000A   26120.50000000  .00000000  00000-0  00000-0 0  9992
2 89975  53.0000 282.2252 0001000   0.0000 298.5965 15.10000000    03
SYNTHETIC-0-13
1 89976U 26000A   26120.50000000  .00000000  00000-0  00000-0 0  9993
2 89976  53.0000 282.2252 0001000   0.0000 288.5965 15.10000000    03
SYNTHETIC-0-14
1 89977U 26000A   26120.50000000  .00000000  00000-0  00000-0 0  9994
2 89977  53.0000 282.2252 0001000   0.0000 278.5965 15.10000000    03
SYNTHETIC-0-15
1 89978U 26000A   26120.50000000  .00000000  00000-0  00000-0 0  9995
2 89978  53.0000 282.2252 0001000   0.0000 268.5965 15.10000000    03
SYNTHETIC-0-16
1 89979U 26000A   26120.50000000  .00000000  00000-0  00000-0 0  9996
2 89979  53.0000 282.2252 0001000   0.0000 258.5965 15.10000000    03
SYNTHETIC-0-17
1 89980U 26000A   26120.50000000  .00000000  00000-0  00000-0 0  9998
2 89980  53.0000 282.2252 0001000   0.0000 248.5965 15.10000000    04
SYNTHETIC-0-18
1 89981U 26000A   26120.50000000  .00000000  00000-0  00000-0 0  9999
2 89981  53.0000 282.2252 0001000   0.0000 238.5965 15.10000000    04
SYNTHETIC-0-19
1 89982U 26000A   26120.50000000  .00000000  00000-0  00000-0 0  9990
2 89982  53.0000 282.2252 0001000   0.0000 228.5965 15.10000000    04
SYNTHETIC-0-20
1 89983U 26000A   26120.50000000  .00000000  00000-0  00000-0 0  9991
2 89983  53.0000 282.2252 0001000   0.0000 218.5965 15.10000000    04
SYNTHETIC-0-21
1 89984U 26000A   26120.50000000  .00000000  00000-0  00000-0 0  9992
2 89984  53.0000 282.2252 0001000   0.0000 208.5965 15.10000000    04
SYNTHETIC-0-22
1 89985U 26000A   26120.50000000  .00000000  00000-0  00000-0 0  9993
2 89985  53.0000 282.2252 0001000   0.0000 198.5965 15.10000000    03
SYNTHETIC-0-23
1 89986U 26000A   26120.50000000  .00000000  00000-0  00000-0 0  9994
2 89986  53.0000 282.2252 0001000   0.0000 188.5965 15.10000000    03
SYNTHETIC-0-24
1 89987U 26000A   26120.50000000  .00000000  00000-0  00000-0 0  9995
2 89987  53.0000 282.2252 0001000   0.0000 178.5965 15.10000000    03
SYNTHETIC-0-25
1 89988U 26000A   26120.50000000  .00000000  00000-0  00000-0 0  9996
2 89988  53.0000 282.2252 0001000   0.0000 168.5965 15.10000000    03
SYNTHETIC-0-26
1 89989U 26000A   26120.50000000  .00000000  00000-0  00000-0 0  9997
2 89989  53.0000 282.2252 0001000   0.0000 158.5965 15.10000000    03
SYNTHETIC-0-27
1 89990U 26000A   26120.50000000  .00000000  00000-0  00000-0 0  9999
2 89990  53.0000 282.2252 0001000   0.0000 148.5965 15.10000000    04
SYNTHETIC-0-28
1 89991U 26000A   26120.50000000  .00000000  00000-0  00000-0 0  9990
2 89991  53.0000 282.2252 0001000   0.0000 138.5965 15.10000000    04
SYNTHETIC-0-29
1 89992U 26000A   26120.50000000  .00000000  00000-0  00000-0 0  9991
2 89992  53.0000 282.2252 0001000   0.0000 128.5965 15.10000000    04
SYNTHETIC-0-30
1 89993U 26000A   26120.50000000  .00000000  00000-0  00000-0 0  9992
2 89993  53.0000 282.2252 0001000   0.0000 118.5965 15.10000000    04
SYNTHETIC-0-31
1 89994U 26000A   26120.50000000  .00000000  00000-0  00000-0 0  9993
2 89994  53.0000 282.2252 0001000   0.0000 108.5965 15.10000000    04
SYNTHETIC-0-32
1 89995U 26000A   26120.50000000  .00000000  00000-0  00000-0 0  9994
2 89995  53.0000 282.2252 0001000   0.0000  98.5965 15.10000000    03
SYNTHETIC-0-33
1 89996U 26000A   26120.50000000  .00000000  00000-0  00000-0 0  9995
2 89996  53.0000 282.2252 0001000   0.0000  88.5965 15.10000000    03
SYNTHETIC-0-34
1 89997U 26000A   26120.50000000  .00000000  00000-0  00000-0 0  9996
2 89997  53.0000 282.2252 0001000   0.0000  78.5965 15.10000000    03
SYNTHETIC-0-35
1 89998U 26000A   26120.50000000  .00000000  00000-0  00000-0 0  9997
2 89998  53.0000 282.2252 0001000   0.0000  68.5965 15.10000000    03
SYNTHETIC-0-36
1 89999U 26000A   26120.50000000  .00000000  00000-0  00000-0 0  9998
2 89999  53.0000 282.2252 0001000   0.0000  58.5965 15.10000000    03
SYNTHETIC-1-01
1 90000U 26000A   26120.50000000  .00000000  00000-0  00000-0 0  9993
2 90000  53.0000 287.2252 0001000   0.0000  53.5965 15.10000000    08
SYNTHETIC-1-02
1 90001U 26000A   26120.50000000  .00000000  00000-0  00000-0 0  9994
2 90001  53.0000 287.2252 0001000   0.0000  43.5965 15.10000000    08
SYNTHETIC-1-03
1 90002U 26000A   26120.50000000  .00000000  00000-0  00000-0 0  9995
2 90002  53.0000 287.2252 0001000   0.0000  33.5965 15.10000000    08
SYNTHETIC-1-04
1 90003U 26000A   26120.50000000  .00000000  00000-0  00000-0 0  9996
2 90003  53.0000 287.2252 0001000   0.0000  23.5965 15.10000000    08
SYNTHETIC-1-05
1 90004U 26000A   26120.50000000  .00000000  00000-0  00000-0 0  9997
2 90004  53.0000 287.2252 0001000   0.0000  13.5965 15.10000000    08
SYNTHETIC-1-06
1 90005U 26000A   26120.50000000  .00000000  00000-0  00000-0 0  9998
2 90005  53.0000 287.2252 0001000   0.0000   3.5965 15.10000000    08
SYNTHETIC-1-07
1 90006U 26000A   26120.50000000  .00000000  00000-0  00000-0 0  9999
2 90006  53.0000 287.2252 0001000   0.0000 353.5965 15.10000000    07
SYNTHETIC-1-08
1 90007U 26000A   26120.50000000  .00000000  00000-0  00000-0 0  9990
2 90007  53.0000 287.2252 0001000   0.0000 343.5965 15.10000000    07
SYNTHETIC-1-09
1 90008U 26000A   26120.50000000  .00000000  00000-0  00000-0 0  9991
2 90008  53.0000 287.2252 0001000   0.0000 333.5965 15.10000000    07
SYNTHETIC-1-10
1 90009U 26000A   26120.50000000  .00000000  00000-0  00000-0 0  9992
2 90009  53.0000 287.2252 0001000   0.0000 323.5965 15.10000000    07
SYNTHETIC-1-11
1 90010U 26000A   26120.50000000  .00000000  00000-0  00000-0 0  9994
2 90010  53.0000 287.2252 0001000   0.0000 313.5965 15.10000000    08
SYNTHETIC-1-12
1 90011U 26000A   26120.50000000  .00000000  00000-0  00000-0 0  9995
2 90011  53.0000 287.2252 0001000   0.0000 303.5965 15.10000000    08
SYNTHETIC-1-13
1 90012U 26000A   26120.50000000  .00000000  00000-0  00000-0 0  9996
2 90012  53.0000 287.2252 0001000   0.0000 293.5965 15.10000000    07
SYNTHETIC-1-14
1 90013U 26000A   26120.50000000  .00000000  00000-0  00000-0 0  9997
2 90013  53.0000 287.2252 0001000   0.0000 283.5965 15.10000000    07
SYNTHETIC-1-15
1 90014U 26000A   26120.50000000  .00000000  00000-0  00000-0 0  9998
2 90014  53.0000 287.2252 0001000   0.0000 273.5965 15.10000000    07
SYNTHETIC-1-16
1 90015U 26000A   26120.50000000  .00000000  00000-0  00000-0 0  9999
2 90015  53.0000 287.2252 0001000   0.0000 263.5965 15.10000000    07
SYNTHETIC-1-17
1 90016U 26000A   26120.50000000  .00000000  00000-0  00000-0 0  9990
2 90016  53.0000 287.2252 0001000   0.0000 253.5965 15.10000000    07
SYNTHETIC-1-18
1 90017U 26000A   26120.50000000  .00000000  00000-0  00000-0 0  9991
2 90017  53.0000 287.2252 0001000   0.0000 243.5965 15.10000000    07
SYNTHETIC-1-19
1 90018U 26000A   26120.50000000  .00000000  00000-0  00000-0 0  9992
2 90018  53.0000 287.2252 0001000   0.0000 233.5965 15.10000000    07
SYNTHETIC-1-20
1 90019U 26000A   26120.50000000  .00000000  00000-0  00000-0 0  9993
2 90019  53.0000 287.2252 0001000   0.0000 223.5965 15.10000000    07
SYNTHETIC-1-21
1 90020U 26000A   26120.50000000  .00000000  00000-0  00000-0 0  9995
2 90020  53.0000 287.2252 0001000   0.0000 213.5965 15.10000000    08
SYNTHETIC-1-22
1 90021U 26000A   26120.50000000  .00000000  00000-0  00000-0 0  9996
2 90021  53.0000 287.2252 0001000   0.0000 203.5965 15.10000000    08
SYNTHETIC-1-23
1 90022U 26000A   26120.50000000  .00000000  00000-0  00000-0 0  9997
2 90022  53.0000 287.2252 0001000   0.0000 193.5965 15.10000000    07
SYNTHETIC-1-24
1 90023U 26000A   26120.50000000  .00000000  00000-0  00000-0 0  9998
2 90023  53.0000 287.2252 0001000   0.0000 183.5965 15.10000000    07
SYNTHETIC-1-25
1 90024U 26000A   26120.50000000  .00000000  00000-0  00000-0 0  9999
2 90024  53.0000 287.2252 0001000   0.0000 173.5965 15.10000000    07
SYNTHETIC-1-26
1 90025U 26000A   26120.50000000  .00000000  00000-0  00000-0 0  9990
2 90025  53.0000 287.2252 0001000   0.0000 163.5965 15.10000000    07
SYNTHETIC-1-27
1 90026U 26000A   26120.50000000  .00000000  00000-0  00000-0 0  9991
2 90026  53.0000 287.2252 0001000   0.0000 153.5965 15.10000000    07
SYNTHETIC-1-28
1 90027U 26000A   26120.50000000  .00000000  00000-0  00000-0 0  9992
2 90027  53.0000 287.2252 0001000   0.0000 143.5965 15.10000000    07
SYNTHETIC-1-29
1 90028U 26000A   26120.50000000  .00000000  00000-0  00000-0 0  9993
2 90028  53.0000 287.2252 0001000   0.0000 133.5965 15.10000000    07
SYNTHETIC-1-30
1 90029U 26000A   26120.50000000  .00000000  00000-0  00000-0 0  9994
2 90029  53.0000 287.2252 0001000   0.0000 123.5965 15.10000000    07
SYNTHETIC-1-31
1 90030U 26000A   26120.50000000  .00000000  00000-0  00000-0 0  9996
2 90030  53.0000 287.2252 0001000   0.0000 113.5965 15.10000000    08
SYNTHETIC-1-32
1 90031U 26000A   26120.50000000  .00000000  00000-0  00000-0 0  9997
2 90031  53.0000 287.2252 0001000   0.0000 103.5965 15.10000000    08
SYNTHETIC-1-33
1 90032U 26000A   26120.50000000  .00000000  00000-0  00000-0 0  9998
2 90032  53.0000 287.2252 0001000   0.0000  93.5965 15.10000000    07
SYNTHETIC-1-34
1 90033U 26000A   26120.50000000  .00000000  00000-0  00000-0 0  9999
2 90033  53.0000 287.2252 0001000   0.0000  83.5965 15.10000000    07
SYNTHETIC-1-35
1 90034U 26000A   26120.50000000  .00000000  00000-0  00000-0 0  9990
2 90034  53.0000 287.2252 0001000   0.0000  73.5965 15.10000000    07
SYNTHETIC-1-36
1 90035U 26000A   26120.50000000  .00000000  00000-0  00000-0 0  9991
2 90035  53.0000 287.2252 0001000   0.0000  63.5965 15.10000000    07
SYNTHETIC-2-01
1 90036U 26000A   26120.50000000  .00000000  00000-0  00000-0 0  9992
2 90036  53.0000 292.2252 0001000   0.0000  58.5965 15.10000000    08
SYNTHETIC-2-02
1 90037U 26000A   26120.50000000  .00000000  00000-0  00000-0 0  9993
2 90037  53.0000 292.2252 0001000   0.0000  48.5965 15.10000000    08
SYNTHETIC-2-03
1 90038U 26000A   26120.50000000  .00000000  00000-0  00000-0 0  9994
2 90038  53.0000 292.2252 0001000   0.0000  38.5965 15.10000000    08
SYNTHETIC-2-04
1 90039U 26000A   26120.50000000  .00000000  00000-0  00000-0 0  9995
2 90039  53.0000 292.2252 0001000   0.0000  28.5965 15.10000000    08
SYNTHETIC-2-05
1 90040U 26000A   26120.50000000  .00000000  00000-0  00000-0 0  9997
2 90040  53.0000 292.2252 0001000   0.0000  18.5965 15.10000000    09
SYNTHETIC-2-06
1 90041U 26000A   26120.50000000  .00000000  00000-0  00000-0 0  9998
2 90041  53.0000 292.2252 0001000   0.0000   8.5965 15.10000000    09
SYNTHETIC-2-07
1 90042U 26000A   26120.50000000  .00000000  00000-0  00000-0 0  9999
2 90042  53.0000 292.2252 0001000   0.0000 358.5965 15.10000000    08
SYNTHETIC-2-08
1 90043U 26000A   26120.50000000  .00000000  00000-0  00000-0 0  9990
2 90043  53.0000 292.2252 0001000   0.0000 348.5965 15.10000000    08
SYNTHETIC-2-09
1 90044U 26000A   26120.50000000  .00000000  00000-0  00000-0 0  9991
2 90044  53.0000 292.2252 0001000   0.0000 338.5965 15.10000000    08
SYNTHETIC-2-10
1 90045U 26000A   26120.50000000  .00000000  00000-0  00000-0 0  9992
2 90045  53.0000 292.2252 0001000   0.0000 328.5965 15.10000000    08
SYNTHETIC-2-11
1 90046U 26000A   26120.50000000  .00000000  00000-0  00000-0 0  9993
2 90046  53.0000 292.2252 0001000   0.0000 318.5965 15.10000000    08
SYNTHETIC-2-12
1 90047U 26000A   26120.50000000  .00000000  00000-0  00000-0 0  9994
2 90047  53.0000 292.2252 0001000   0.0000 308.5965 15.10000000    08
SYNTHETIC-2-13
1 90048U 26000A   26120.50000000  .00000000  00000-0  00000-0 0  9995
2 90048  53.0000 292.2252 0001000   0.0000 298.5965 15.10000000    07
SYNTHETIC-2-14
1 90049U 26000A   26120.50000000  .00000000  00000-0  00000-0 0  9996
2 90049  53.0000 292.2252 0001000   0.0000 288.5965 15.10000000    07
SYNTHETIC-2-15
1 90050U 26000A   26120.50000000  .00000000  00000-0  00000-0 0  9998
2 90050  53.0000 292.2252 0001000   0.0000 278.5965 15.10000000    08
SYNTHETIC-2-16
1 90051U 26000A   26120.50000000  .00000000  00000-0  00000-0 0  9999
2 90051  53.0000 292.2252 0001000   0.0000 268.5965 15.10000000    08
SYNTHETIC-2-17
1 90052U 26000A   26120.50000000  .00000000  00000-0  00000-0 0  9990
2 90052  53.0000 292.2252 0001000   0.0000 258.5965 15.10000000    08
SYNTHETIC-2-18
1 90053U 26000A   26120.50000000  .00000000  00000-0  00000-0 0  9991
2 90053  53.0000 292.2252 0001000   0.0000 248.5965 15.10000000    08
SYNTHETIC-2-19
1 90054U 26000A   26120.50000000  .00000000  00000-0  00000-0 0  9992
2 90054  53.0000 292.2252 0001000   0.0000 238.5965 15.10000000    08
SYNTHETIC-2-20
1 90055U 26000A   26120.50000000  .00000000  00000-0  00000-0 0  9993
2 90055  53.0000 292.2252 0001000   0.0000 228.5965 15.10000000    08
SYNTHETIC-2-21
1 90056U 26000A   26120.50000000  .00000000  00000-0  00000-0 0  9994
2 90056  53.0000 292.2252 0001000   0.0000 218.5965 15.10000000    08
SYNTHETIC-2-22
1 90057U 26000A   26120.50000000  .00000000  00000-0  00000-0 0  9995
2 90057  53.0000 292.2252 0001000   0.0000 208.5965 15.10000000    08
SYNTHETIC-2-23
1 90058U 26000A   26120.50000000  .00000000  00000-0  00000-0 0  9996
2 90058  53.0000 292.2252 0001000   0.0000 198.5965 15.10000000    07
SYNTHETIC-2-24
1 90059U 26000A   26120.50000000  .00000000  00000-0  00000-0 0  9997
2 90059  53.0000 292.2252 0001000   0.0000 188.5965 15.10000000    07
SYNTHETIC-2-25
1 90060U 26000A   26120.50000000  .00000000  00000-0  00000-0 0  9999
2 90060  53.0000 292.2252 0001000   0.0000 178.5965 15.10000000    08
SYNTHETIC-2-26
1 90061U 26000A   26120.50000000  .00000000  00000-0  00000-0 0  9990
2 90061  53.0000 292.2252 0001000   0.0000 168.5965 15.10000000    08
SYNTHETIC-2-27
1 90062U 26000A   26120.50000000  .00000000  00000-0  00000-0 0  9991
2 90062  53.0000 292.2252 0001000   0.0000 158.5965 15.10000000    08
SYNTHETIC-2-28
1 90063U 26000A   26120.50000000  .00000000  00000-0  00000-0 0  9992
2 90063  53.0000 292.2252 0001000   0.0000 148.5965 15.10000000    08
SYNTHETIC-2-29
1 90064U 26000A   26120.50000000  .00000000  00000-0  00000-0 0  9993
2 90064  53.0000 292.2252 0001000   0.0000 138.5965 15.10000000    08
SYNTHETIC-2-30
1 90065U 26000A   26120.50000000  .00000000  00000-0  00000-0 0  9994
2 90065  53.0000 292.2252 0001000   0.0000 128.5965 15.10000000    08
SYNTHETIC-2-31
1 90066U 26000A   26120.50000000  .00000000  00000-0  00000-0 0  9995
2 90066  53.0000 292.2252 0001000   0.0000 118.5965 15.10000000    08
SYNTHETIC-2-32
1 90067U 26000A   26120.50000000  .00000000  00000-0  00000-0 0  9996
2 90067  53.0000 292.2252 0001000   0.0000 108.5965 15.10000000    08
SYNTHETIC-2-33
1 90068U 26000A   26120.50000000  .00000000  00000-0  00000-0 0  9997
2 90068  53.0000 292.2252 0001000   0.0000  98.5965 15.10000000    07
SYNTHETIC-2-34
1 90069U 26000A   26120.50000000  .00000000  00000-0  00000-0 0  9998
2 90069  53.0000 292.2252 0001000   0.0000  88.5965 15.10000000    07
SYNTHETIC-2-35
1 90070U 26000A   26120.50000000  .00000000  00000-0  00000-0 0  9990
2 90070  53.0000 292.2252 0001000   0.0000  78.5965 15.10000000    08
SYNTHETIC-2-36
1 90071U 26000A   26120.50000000  .00000000  00000-0  00000-0 0  9991
2 90071  53.0000 292.2252 0001000   0.0000  68.5965 15.10000000    08
