SYNTH-1-01
1 90000U 26000A   26120.50000000  .00000000  00000-0  00000-0 0  9993
2 90000  53.0000 287.2252 0001000   0.0000  53.5965 15.10000000    08
SYNTH-1-02
1 90001U 26000A   26120.50000000  .00000000  00000-0  00000-0 0  9994
2 90001  53.0000 287.2252 0001000   0.0000  43.5965 15.10000000    08
SYNTH-1-03
1 90002U 26000A   26120.50000000  .00000000  00000-0  00000-0 0  9995
2 90002  53.0000 287.2252 0001000   0.0000  33.5965 15.10000000    08
SYNTH-1-04
1 90003U 26000A   26120.50000000  .00000000  00000-0  00000-0 0  9996
2 90003  53.0000 287.2252 0001000   0.0000  23.5965 15.10000000    08
SYNTH-1-05
1 90004U 26000A   26120.50000000  .00000000  00000-0  00000-0 0  9997
2 90004  53.0000 287.2252 0001000   0.0000  13.5965 15.10000000    08
SYNTH-1-06
1 90005U 26000A   26120.50000000  .00000000  00000-0  00000-0 0  9998
2 90005  53.0000 287.2252 0001000   0.0000   3.5965 15.10000000    08
SYNTH-1-07
1 90006U 26000A   26120.50000000  .00000000  00000-0  00000-0 0  9999
2 90006  53.0000 287.2252 0001000   0.0000 353.5965 15.10000000    07
SYNTH-1-08
1 90007U 26000A   26120.50000000  .00000000  00000-0  00000-0 0  9990
2 90007  53.0000 287.2252 0001000   0.0000 343.5965 15.10000000    07
SYNTH-1-09
1 90008U 26000A   26120.50000000  .00000000  00000-0  00000-0 0  9991
2 90008  53.0000 287.2252 0001000   0.0000 333.5965 15.10000000    07
SYNTH-1-10
1 90009U 26000A   26120.50000000  .00000000  00000-0  00000-0 0  9992
2 90009  53.0000 287.2252 0001000   0.0000 323.5965 15.10000000    07
SYNTH-1-11
1 90010U 26000A   26120.50000000  .00000000  00000-0  00000-0 0  9994
2 90010  53.0000 287.2252 0001000   0.0000 313.5965 15.10000000    08
SYNTH-1-12
1 90011U 26000A   26120.50000000  .00000000  00000-0  00000-0 0  9995
2 90011  53.0000 287.2252 0001000   0.0000 303.5965 15.10000000    08
SYNTH-1-13
1 90012U 26000A   26120.50000000  .00000000  00000-0  00000-0 0  9996
2 90012  53.0000 287.2252 0001000   0.0000 293.5965 15.10000000    07
SYNTH-1-14
1 90013U 26000A   26120.50000000  .00000000  00000-0  00000-0 0  9997
2 90013  53.0000 287.2252 0001000   0.0000 283.5965 15.10000000    07
SYNTH-1-15
1 90014U 26000A   26120.50000000  .00000000  00000-0  00000-0 0  9998
2 90014  53.0000 287.2252 0001000   0.0000 273.5965 15.10000000    07
SYNTH-1-16
1 90015U 26000A   26120.50000000  .00000000  00000-0  00000-0 0  9999
2 90015  53.0000 287.2252 0001000   0.0000 263.5965 15.10000000    07
SYNTH-1-17
1 90016U 26000A   26120.50000000  .00000000  00000-0  00000-0 0  9990
2 90016  53.0000 287.2252 0001000   0.0000 253.5965 15.10000000    07
SYNTH-1-18
1 90017U 26000A   26120.50000000  .00000000  00000-0  00000-0 0  9991
2 90017  53.0000 287.2252 0001000   0.0000 243.5965 15.10000000    07
SYNTH-1-19
1 90018U 26000A   26120.50000000  .00000000  00000-0  00000-0 0  9992
2 90018  53.0000 287.2252 0001000   0.0000 233.5965 15.10000000    07
SYNTH-1-20
1 90019U 26000A   26120.50000000  .00000000  00000-0  00000-0 0  9993
2 90019  53.0000 287.2252 0001000   0.0000 223.5965 15.10000000    07
SYNTH-1-21
1 90020U 26000A   26120.50000000  .00000000  00000-0  00000-0 0  9995
2 90020  53.0000 287.2252 0001000   0.0000 213.5965 15.10000000    08
SYNTH-1-22
1 90021U 26000A   26120.50000000  .00000000  00000-0  00000-0 0  9996
2 90021  53.0000 287.2252 0001000   0.0000 203.5965 15.10000000    08
SYNTH-1-23
1 90022U 26000A   26120.50000000  .00000000  00000-0  00000-0 0  9997
2 90022  53.0000 287.2252 0001000   0.0000 193.5965 15.10000000    07
SYNTH-1-24
1 90023U 26000A   26120.50000000  .00000000  00000-0  00000-0 0  9998
2 90023  53.0000 287.2252 0001000   0.0000 183.5965 15.10000000    07
SYNTH-1-25
1 90024U 26000A   26120.50000000  .00000000  00000-0  00000-0 0  9999
2 90024  53.0000 287.2252 0001000   0.0000 173.5965 15.10000000    07
SYNTH-1-26
1 90025U 26000A   26120.50000000  .00000000  00000-0  00000-0 0  9990
2 90025  53.0000 287.2252 0001000   0.0000 163.5965 15.10000000    07
SYNTH-1-27
1 90026U 26000A   26120.50000000  .00000000  00000-0  00000-0 0  9991
2 90026  53.0000 287.2252 0001000   0.0000 153.5965 15.10000000    07
SYNTH-1-28
1 90027U 26000A   26120.50000000  .00000000  00000-0  00000-0 0  9992
2 90027  53.0000 287.2252 0001000   0.0000 143.5965 15.10000000    07
SYNTH-1-29
1 90028U 26000A   26120.50000000  .00000000  00000-0  00000-0 0  9993
2 90028  53.0000 287.2252 0001000   0.0000 133.5965 15.10000000    07
SYNTH-1-30
1 90029U 26000A   26120.50000000  .00000000  00000-0  00000-0 0  9994
2 90029  53.0000 287.2252 0001000   0.0000 123.5965 15.10000000    07
SYNTH-1-31
1 90030U 26000A   26120.50000000  .00000000  00000-0  00000-0 0  9996
2 90030  53.0000 287.2252 0001000   0.0000 113.5965 15.10000000    08
SYNTH-1-32
1 90031U 26000A   26120.50000000  .00000000  00000-0  00000-0 0  9997
2 90031  53.0000 287.2252 0001000   0.0000 103.5965 15.10000000    08
SYNTH-1-33
1 90032U 26000A   26120.50000000  .00000000  00000-0  00000-0 0  9998
2 90032  53.0000 287.2252 0001000   0.0000  93.5965 15.10000000    07
SYNTH-1-34
1 90033U 26000A   26120.50000000  .00000000  00000-0  00000-0 0  9999
2 90033  53.0000 287.2252 0001000   0.0000  83.5965 15.10000000    07
SYNTH-1-35
1 90034U 26000A   26120.50000000  .00000000  00000-0  00000-0 0  9990
2 90034  53.0000 287.2252 0001000   0.0000  73.5965 15.10000000    07
SYNTH-1-36
1 90035U 26000A   26120.50000000  .00000000  00000-0  00000-0 0  9991
2 90035  53.0000 287.2252 0001000   0.0000  63.5965 15.10000000    07
SYNTH-2-01
1 90036U 26000A   26120.50000000  .00000000  00000-0  00000-0 0  9992
2 90036  53.0000 292.2252 0001000   0.0000  58.5965 15.10000000    08
SYNTH-2-02
1 90037U 26000A   26120.50000000  .00000000  00000-0  00000-0 0  9993
2 90037  53.0000 292.2252 0001000   0.0000  48.5965 15.10000000    08
SYNTH-2-03
1 90038U 26000A   26120.50000000  .00000000  00000-0  00000-0 0  9994
2 90038  53.0000 292.2252 0001000   0.0000  38.5965 15.10000000    08
SYNTH-2-04
1 90039U 26000A   26120.50000000  .00000000  00000-0  00000-0 0  9995
2 90039  53.0000 292.2252 0001000   0.0000  28.5965 15.10000000    08
SYNTH-2-05
1 90040U 26000A   26120.50000000  .00000000  00000-0  00000-0 0  9997
2 90040  53.0000 292.2252 0001000   0.0000  18.5965 15.10000000    09
SYNTH-2-06
1 90041U 26000A   26120.50000000  .00000000  00000-0  00000-0 0  9998
2 90041  53.0000 292.2252 0001000   0.0000   8.5965 15.10000000    09
SYNTH-2-07
1 90042U 26000A   26120.50000000  .00000000  00000-0  00000-0 0  9999
2 90042  53.0000 292.2252 0001000   0.0000 358.5965 15.10000000    08
SYNTH-2-08
1 90043U 26000A   26120.50000000  .00000000  00000-0  00000-0 0  9990
2 90043  53.0000 292.2252 0001000   0.0000 348.5965 15.10000000    08
SYNTH-2-09
1 90044U 26000A   26120.50000000  .00000000  00000-0  00000-0 0  9991
2 90044  53.0000 292.2252 0001000   0.0000 338.5965 15.10000000    08
SYNTH-2-10
1 90045U 26000A   26120.50000000  .00000000  00000-0  00000-0 0  9992
2 90045  53.0000 292.2252 0001000   0.0000 328.5965 15.10000000    08
SYNTH-2-11
1 90046U 26000A   26120.50000000  .00000000  00000-0  00000-0 0  9993
2 90046  53.0000 292.2252 0001000   0.0000 318.5965 15.10000000    08
SYNTH-2-12
1 90047U 26000A   26120.50000000  .00000000  00000-0  00000-0 0  9994
2 90047  53.0000 292.2252 0001000   0.0000 308.5965 15.10000000    08
SYNTH-2-13
1 90048U 26000A   26120.50000000  .00000000  00000-0  00000-0 0  9995
2 90048  53.0000 292.2252 0001000   0.0000 298.5965 15.10000000    07
SYNTH-2-14
1 90049U 26000A   26120.50000000  .00000000  00000-0  00000-0 0  9996
2 90049  53.0000 292.2252 0001000   0.0000 288.5965 15.10000000    07
SYNTH-2-15
1 90050U 26000A   26120.50000000  .00000000  00000-0  00000-0 0  9998
2 90050  53.0000 292.2252 0001000   0.0000 278.5965 15.10000000    08
SYNTH-2-16
1 90051U 26000A   26120.50000000  .00000000  00000-0  00000-0 0  9999
2 90051  53.0000 292.2252 0001000   0.0000 268.5965 15.10000000    08
SYNTH-2-17
1 90052U 26000A   26120.50000000  .00000000  00000-0  00000-0 0  9990
2 90052  53.0000 292.2252 0001000   0.0000 258.5965 15.10000000    08
SYNTH-2-18
1 90053U 26000A   26120.50000000  .00000000  00000-0  00000-0 0  9991
2 90053  53.0000 292.2252 0001000   0.0000 248.5965 15.10000000    08
SYNTH-2-19
1 90054U 26000A   26120.50000000  .00000000  00000-0  00000-0 0  9992
2 90054  53.0000 292.2252 0001000   0.0000 238.5965 15.10000000    08
SYNTH-2-20
1 90055U 26000A   26120.50000000  .00000000  00000-0  00000-0 0  9993
2 90055  53.0000 292.2252 0001000   0.0000 228.5965 15.10000000    08
SYNTH-2-21
1 90056U 26000A   26120.50000000  .00000000  00000-0  00000-0 0  9994
2 90056  53.0000 292.2252 0001000   0.0000 218.5965 15.10000000    08
SYNTH-2-22
1 90057U 26000A   26120.50000000  .00000000  00000-0  00000-0 0  9995
2 90057  53.0000 292.2252 0001000   0.0000 208.5965 15.10000000    08
SYNTH-2-23
1 90058U 26000A   26120.50000000  .00000000  00000-0  00000-0 0  9996
2 90058  53.0000 292.2252 0001000   0.0000 198.5965 15.10000000    07
SYNTH-2-24
1 90059U 26000A   26120.50000000  .00000000  00000-0  00000-0 0  9997
2 90059  53.0000 292.2252 0001000   0.0000 188.5965 15.10000000    07
SYNTH-2-25
1 90060U 26000A   26120.50000000  .00000000  00000-0  00000-0 0  9999
2 90060  53.0000 292.2252 0001000   0.0000 178.5965 15.10000000    08
SYNTH-2-26
1 90061U 26000A   26120.50000000  .00000000  00000-0  00000-0 0  9990
2 90061  53.0000 292.2252 0001000   0.0000 168.5965 15.10000000    08
SYNTH-2-27
1 90062U 26000A   26120.50000000  .00000000  00000-0  00000-0 0  9991
2 90062  53.0000 292.2252 0001000   0.0000 158.5965 15.10000000    08
SYNTH-2-28
1 90063U 26000A   26120.50000000  .00000000  00000-0  00000-0 0  9992
2 90063  53.0000 292.2252 0001000   0.0000 148.5965 15.10000000    08
SYNTH-2-29
1 90064U 26000A   26120.50000000  .00000000  00000-0  00000-0 0  9993
2 90064  53.0000 292.2252 0001000   0.0000 138.5965 15.10000000    08
SYNTH-2-30
1 90065U 26000A   26120.50000000  .00000000  00000-0  00000-0 0  9994
2 90065  53.0000 292.2252 0001000   0.0000 128.5965 15.10000000    08
SYNTH-2-31
1 90066U 26000A   26120.50000000  .00000000  00000-0  00000-0 0  9995
2 90066  53.0000 292.2252 0001000   0.0000 118.5965 15.10000000    08
SYNTH-2-32
1 90067U 26000A   26120.50000000  .00000000  00000-0  00000-0 0  9996
2 90067  53.0000 292.2252 0001000   0.0000 108.5965 15.10000000    08
SYNTH-2-33
1 90068U 26000A   26120.50000000  .00000000  00000-0  00000-0 0  9997
2 90068  53.0000 292.2252 0001000   0.0000  98.5965 15.10000000    07
SYNTH-2-34
1 90069U 26000A   26120.50000000  .00000000  00000-0  00000-0 0  9998
2 90069  53.0000 292.2252 0001000   0.0000  88.5965 15.10000000    07
SYNTH-2-35
1 90070U 26000A   26120.50000000  .00000000  00000-0  00000-0 0  9990
2 90070  53.0000 292.2252 0001000   0.0000  78.5965 15.10000000    08
SYNTH-2-36
1 90071U 26000A   26120.50000000  .00000000  00000-0  00000-0 0  9991
2 90071  53.0000 292.2252 0001000   0.0000  68.5965 15.10000000    08
SYNTH-3-01
1 90072U 26000A   26120.50000000  .00000000  00000-0  00000-0 0  9992
2 90072  53.0000 297.2252 0001000   0.0000  63.5965 15.10000000    09
SYNTH-3-02
1 90073U 26000A   26120.50000000  .00000000  00000-0  00000-0 0  9993
2 90073  53.0000 297.2252 0001000   0.0000  53.5965 15.10000000    09
SYNTH-3-03
1 90074U 26000A   26120.50000000  .00000000  00000-0  00000-0 0  9994
2 90074  53.0000 297.2252 0001000   0.0000  43.5965 15.10000000    09
SYNTH-3-04
1 90075U 26000A   26120.50000000  .00000000  00000-0  00000-0 0  9995
2 90075  53.0000 297.2252 0001000   0.0000  33.5965 15.10000000    09
SYNTH-3-05
1 90076U 26000A   26120.50000000  .00000000  00000-0  00000-0 0  9996
2 90076  53.0000 297.2252 0001000   0.0000  23.5965 15.10000000    09
SYNTH-3-06
1 90077U 26000A   26120.50000000  .00000000  00000-0  00000-0 0  9997
2 90077  53.0000 297.2252 0001000   0.0000  13.5965 15.10000000    09
SYNTH-3-07
1 90078U 26000A   26120.50000000  .00000000  00000-0  00000-0 0  9998
2 90078  53.0000 297.2252 0001000   0.0000   3.5965 15.10000000    09
SYNTH-3-08
1 90079U 26000A   26120.50000000  .00000000  00000-0  00000-0 0  9999
2 90079  53.0000 297.2252 0001000   0.0000 353.5965 15.10000000    08
SYNTH-3-09
1 90080U 26000A   26120.50000000  .00000000  00000-0  00000-0 0  9991
2 90080  53.0000 297.2252 0001000   0.0000 343.5965 15.10000000    09
SYNTH-3-10
1 90081U 26000A   26120.50000000  .00000000  00000-0  00000-0 0  9992
2 90081  53.0000 297.2252 0001000   0.0000 333.5965 15.10000000    09
SYNTH-3-11
1 90082U 26000A   26120.50000000  .00000000  00000-0  00000-0 0  9993
2 90082  53.0000 297.2252 0001000   0.0000 323.5965 15.10000000    09
SYNTH-3-12
1 90083U 26000A   26120.50000000  .00000000  00000-0  00000-0 0  9994
2 90083  53.0000 297.2252 0001000   0.0000 313.5965 15.10000000    09
SYNTH-3-13
1 90084U 26000A   26120.50000000  .00000000  00000-0  00000-0 0  9995
2 90084  53.0000 297.2252 0001000   0.0000 303.5965 15.10000000    09
SYNTH-3-14
1 90085U 26000A   26120.50000000  .00000000  00000-0  00000-0 0  9996
2 90085  53.0000 297.2252 0001000   0.0000 293.5965 15.10000000    08
SYNTH-3-15
1 90086U 26000A   26120.50000000  .00000000  00000-0  00000-0 0  9997
2 90086  53.0000 297.2252 0001000   0.0000 283.5965 15.10000000    08
SYNTH-3-16
1 90087U 26000A   26120.50000000  .00000000  00000-0  00000-0 0  9998
2 90087  53.0000 297.2252 0001000   0.0000 273.5965 15.10000000    08
SYNTH-3-17
1 90088U 26000A   26120.50000000  .00000000  00000-0  00000-0 0  9999
2 90088  53.0000 297.2252 0001000   0.0000 263.5965 15.10000000    08
SYNTH-3-18
1 90089U 26000A   26120.50000000  .00000000  00000-0  00000-0 0  9990
2 90089  53.0000 297.2252 0001000   0.0000 253.5965 15.10000000    08
SYNTH-3-19
1 90090U 26000A   26120.50000000  .00000000  00000-0  00000-0 0  9992
2 90090  53.0000 297.2252 0001000   0.0000 243.5965 15.10000000    09
SYNTH-3-20
1 90091U 26000A   26120.50000000  .00000000  00000-0  00000-0 0  9993
2 90091  53.0000 297.2252 0001000   0.0000 233.5965 15.10000000    09
SYNTH-3-21
1 90092U 26000A   26120.50000000  .00000000  00000-0  00000-0 0  9994
2 90092  53.0000 297.2252 0001000   0.0000 223.5965 15.10000000    09
SYNTH-3-22
1 90093U 26000A   26120.50000000  .00000000  00000-0  00000-0 0  9995
2 90093  53.0000 297.2252 0001000   0.0000 213.5965 15.10000000    09
SYNTH-3-23
1 90094U 26000A   26120.50000000  .00000000  00000-0  00000-0 0  9996
2 90094  53.0000 297.2252 0001000   0.0000 203.5965 15.10000000    09
SYNTH-3-24
1 90095U 26000A   26120.50000000  .00000000  00000-0  00000-0 0  9997
2 90095  53.0000 297.2252 0001000   0.0000 193.5965 15.10000000    08
SYNTH-3-25
1 90096U 26000A   26120.50000000  .00000000  00000-0  00000-0 0  9998
2 90096  53.0000 297.2252 0001000   0.0000 183.5965 15.10000000    08
SYNTH-3-26
1 90097U 26000A   26120.50000000  .00000000  00000-0  00000-0 0  9999
2 90097  53.0000 297.2252 0001000   0.0000 173.5965 15.10000000    08
SYNTH-3-27
1 90098U 26000A   26120.50000000  .00000000  00000-0  00000-0 0  9990
2 90098  53.0000 297.2252 0001000   0.0000 163.5965 15.10000000    08
SYNTH-3-28
1 90099U 26000A   26120.50000000  .00000000  00000-0  00000-0 0  9991
2 90099  53.0000 297.2252 0001000   0.0000 153.5965 15.10000000    08
SYNTH-3-29
1 90100U 26000A   26120.50000000  .00000000  00000-0  00000-0 0  9994
2 90100  53.0000 297.2252 0001000   0.0000 143.5965 15.10000000    00
SYNTH-3-30
1 90101U 26000A   26120.50000000  .00000000  00000-0  00000-0 0  9995
2 90101  53.0000 297.2252 0001000   0.0000 133.5965 15.10000000    00
SYNTH-3-31
1 90102U 26000A   26120.50000000  .00000000  00000-0  00000-0 0  9996
2 90102  53.0000 297.2252 0001000   0.0000 123.5965 15.10000000    00
SYNTH-3-32
1 90103U 26000A   26120.50000000  .00000000  00000-0  00000-0 0  9997
2 90103  53.0000 297.2252 0001000   0.0000 113.5965 15.10000000    00
SYNTH-3-33
1 90104U 26000A   26120.50000000  .00000000  00000-0  00000-0 0  9998
2 90104  53.0000 297.2252 0001000   0.0000 103.5965 15.10000000    00
SYNTH-3-34
1 90105U 26000A   26120.50000000  .00000000  00000-0  00000-0 0  9999
2 90105  53.0000 297.2252 0001000   0.0000  93.5965 15.10000000    09
SYNTH-3-35
1 90106U 26000A   26120.50000000  .00000000  00000-0  00000-0 0  9990
2 90106  53.0000 297.2252 0001000   0.0000  83.5965 15.10000000    09
SYNTH-3-36
1 90107U 26000A   26120.50000000  .00000000  00000-0  00000-0 0  9991
2 90107  53.0000 297.2252 0001000   0.0000  73.5965 15.10000000    09
