SYNTHETIC-01
1 90000U 26000A   26120.50000000  .00000000  00000-0  00000-0 0  9993
2 90000  53.0000 287.2252 0001000   0.0000  53.5965 15.10000000    08
SYNTHETIC-02
1 90001U 26000A   26120.50000000  .00000000  00000-0  00000-0 0  9994
2 90001  53.0000 287.2252 0001000   0.0000  38.5965 15.10000000    02
SYNTHETIC-03
1 90002U 26000A   26120.50000000  .00000000  00000-0  00000-0 0  9995
2 90002  53.0000 287.2252 0001000   0.0000  23.5965 15.10000000    07
SYNTHETIC-04
1 90003U 26000A   26120.50000000  .00000000  00000-0  00000-0 0  9996
2 90003  53.0000 287.2252 0001000   0.0000   8.5965 15.10000000    01
SYNTHETIC-05
1 90004U 26000A   26120.50000000  .00000000  00000-0  00000-0 0  9997
2 90004  53.0000 287.2252 0001000   0.0000 353.5965 15.10000000    05
SYNTHETIC-06
1 90005U 26000A   26120.50000000  .00000000  00000-0  00000-0 0  9998
2 90005  53.0000 287.2252 0001000   0.0000 338.5965 15.10000000    09
SYNTHETIC-07
1 90006U 26000A   26120.50000000  .00000000  00000-0  00000-0 0  9999
2 90006  53.0000 287.2252 0001000   0.0000 323.5965 15.10000000    04
SYNTHETIC-08
1 90007U 26000A   26120.50000000  .00000000  00000-0  00000-0 0  9990
2 90007  53.0000 287.2252 0001000   0.0000 308.5965 15.10000000    08
SYNTHETIC-09
1 90008U 26000A   26120.50000000  .00000000  00000-0  00000-0 0  9991
2 90008  53.0000 287.2252 0001000   0.0000 293.5965 15.10000000    02
SYNTHETIC-10
1 90009U 26000A   26120.50000000  .00000000  00000-0  00000-0 0  9992
2 90009  53.0000 287.2252 0001000   0.0000 278.5965 15.10000000    06
SYNTHETIC-11
1 90010U 26000A   26120.50000000  .00000000  00000-0  00000-0 0  9994
2 90010  53.0000 287.2252 0001000   0.0000 263.5965 15.10000000    02
SYNTHETIC-12
1 90011U 26000A   26120.50000000  .00000000  00000-0  00000-0 0  9995
2 90011  53.0000 287.2252 0001000   0.0000 248.5965 15.10000000    06
SYNTHETIC-13
1 90012U 26000A   26120.50000000  .00000000  00000-0  00000-0 0  9996
2 90012  53.0000 287.2252 0001000   0.0000 233.5965 15.10000000    01
SYNTHETIC-14
1 90013U 26000A   26120.50000000  .00000000  00000-0  00000-0 0  9997
2 90013  53.0000 287.2252 0001000   0.0000 218.5965 15.10000000    05
SYNTHETIC-15
1 90014U 26000A   26120.50000000  .00000000  00000-0  00000-0 0  9998
2 90014  53.0000 287.2252 0001000   0.0000 203.5965 15.10000000    00
SYNTHETIC-16
1 90015U 26000A   26120.50000000  .00000000  00000-0  00000-0 0  9999
2 90015  53.0000 287.2252 0001000   0.0000 188.5965 15.10000000    03
SYNTHETIC-17
1 90016U 26000A   26120.50000000  .00000000  00000-0  00000-0 0  9990
2 90016  53.0000 287.2252 0001000   0.0000 173.5965 15.10000000    08
SYNTHETIC-18
1 90017U 26000A   26120.50000000  .00000000  00000-0  00000-0 0  9991
2 90017  53.0000 287.2252 0001000   0.0000 158.5965 15.10000000    02
SYNTHETIC-19
1 90018U 26000A   26120.50000000  .00000000  00000-0  00000-0 0  9992
2 90018  53.0000 287.2252 0001000   0.0000 143.5965 15.10000000    07
SYNTHETIC-20
1 90019U 26000A   26120.50000000  .00000000  00000-0  00000-0 0  9993
2 90019  53.0000 287.2252 0001000   0.0000 128.5965 15.10000000    01
SYNTHETIC-21
1 90020U 26000A   26120.50000000  .00000000  00000-0  00000-0 0  9995
2 90020  53.0000 287.2252 0001000   0.0000 113.5965 15.10000000    07
SYNTHETIC-22
1 90021U 26000A   26120.50000000  .00000000  00000-0  00000-0 0  9996
2 90021  53.0000 287.2252 0001000   0.0000  98.5965 15.10000000    00
SYNTHETIC-23
1 90022U 26000A   26120.50000000  .00000000  00000-0  00000-0 0  9997
2 90022  53.0000 287.2252 0001000   0.0000  83.5965 15.10000000    05
SYNTHETIC-24
1 90023U 26000A   26120.50000000  .00000000  00000-0  00000-0 0  9998
2 90023  53.0000 287.2252 0001000   0.0000  68.5965 15.10000000    09
